
85
(85 1 85 1) (85 211 86 6) (85 426 87 3) (85 776 88 32) (85 751 89 2) (85 1021 90 1) (85 1031 91 3) (85 1126 92 8) (85 1576 93 6) (85 1796 94 18) (85 2071 95 2) (85 2176 96 1) (85 2286 97 15) 
148
(148 1 143 680) (148 1 144 678) (148 31 145 564) (148 1 146 496) (148 36 147 68) (148 1 148 1) (148 181 149 3) (148 186 150 4) (148 241 151 31) (148 431 152 4) (148 956 153 55) (148 971 154 4) (148 1126 155 11) (148 1396 156 26) (148 1856 157 28) (148 2976 158 4) (148 3966 159 32) (148 4021 160 9) (148 4196 161 4) (148 4471 162 13) (148 4516 163 36) (148 4531 164 4) (148 4771 165 23) (148 4771 166 6) 
106
(106 1 98 1200) (106 26 99 1118) (106 11 100 1039) (106 1 101 873) (106 1 102 826) (106 1 104 420) (106 1 105 364) (106 1 106 1) (106 286 107 2) (106 536 108 4) (106 571 109 1) (106 821 110 51) (106 961 111 5) (106 1526 112 10) (106 1651 113 2) (106 1881 114 56) (106 1881 115 21) (106 2151 116 3) (106 2471 117 105) (106 2411 118 5) (106 2501 119 3) (106 2936 120 1) (106 3066 121 2) (106 3071 122 5) (106 3081 123 2) (106 3276 124 34) (106 3296 125 2) (106 3296 126 1) (106 3901 127 15) (106 3996 128 51) (106 4096 129 57) (106 4361 130 4) (106 4396 131 19) (106 4416 132 2) (106 4526 133 20) (106 4706 134 23) (106 4886 135 4) (106 5061 136 11) (106 5486 137 47) (106 5731 138 2) (106 6031 139 31) (106 6031 140 19) (106 6146 141 5) (106 6436 142 64) 
44
(44 1 44 1) (44 501 45 53) (44 536 46 73) (44 591 47 4) (44 621 48 1) (44 771 49 28) (44 861 50 7) (44 1031 51 32) (44 1531 52 1) (44 1686 53 1) (44 2516 54 2) (44 2601 55 3) (44 2651 56 29) (44 2696 57 31) (44 2696 58 22) (44 3131 59 1) (44 3166 60 4) (44 3371 61 29) (44 3461 62 10) (44 3766 63 24) (44 3911 64 25) (44 3936 65 39) (44 3976 66 3) (44 4181 67 28) (44 4451 68 72) (44 4601 69 32) (44 4936 70 29) (44 5211 71 5) (44 5251 72 33) (44 5301 73 4) (44 5656 74 20) (44 5671 75 1) (44 6286 76 3) (44 6511 77 2) (44 6556 78 3) (44 6751 79 1) (44 6761 80 4) (44 6781 81 2) (44 6881 82 50) (44 7486 83 40) (44 7896 84 36) 
7
(7 1 7 1) (7 901 8 5) (7 2131 12 6) (7 2256 13 2) (7 2276 14 2) (7 2876 17 44) (7 2991 19 56) (7 3236 21 2) (7 3361 22 5) (7 3531 23 23) (7 3571 24 3) (7 3776 25 5) (7 3866 26 14) (7 3931 27 5) (7 4011 28 2) (7 4096 29 13) (7 4991 33 11) (7 5131 34 18) (7 5471 35 20) (7 5481 36 3) (7 6096 40 18) (7 6366 41 5) (7 6466 42 5) (7 6856 43 5) 
2
(2 26 1 238) (2 1 2 1) (2 251 3 38) (2 1011 4 3) (2 1171 5 42) (2 1171 6 28) (2 2151 9 40) (2 2121 10 2) (2 2186 11 33) (2 3616 15 34) (2 3716 16 27) (2 4101 18 3) (2 4386 20 3) (2 5606 30 30) (2 5831 31 1) (2 5881 32 38) (2 6706 37 1) (2 6786 38 1) (2 6836 39 1) 